-0,0 -0,00
-0,1 -0,01
-0,2 -0,02
-0,3 -0,03
-0,4 -0,04
-0,5 -0,05
-0,6 -0,06
-0,7 -0,07
-0,8 -0,08
-0,9 -0,09
-0,10 -0,010
-0,11 -0,011
-0,12 -0,012
-0,13 -0,013
-0,14 -0,014
-0,15 -0,015
-0,16 -0,016
-0,17 -0,017
-0,18 -0,018
-0,19 -0,019
-0,20 -0,020
-0,21 -0,021
-0,22 -0,022
-0,23 -0,023
-0,24 -0,024
-0,25 -0,025
-0,26 -0,026
-0,27 -0,027
-0,28 -0,028
-0,29 -0,029
-0,30 -0,030
-0,31 -0,031
-0,32 -0,032
-0,33 -0,033
-0,34 -0,034
-0,35 -0,035
-0,36 -0,036
-0,37 -0,037
-0,38 -0,038
-0,39 -0,039
-0,40 -0,040
-0,41 -0,041
-0,42 -0,042
-0,43 -0,043
-0,44 -0,044
-0,45 -0,045
-0,46 -0,046
-0,47 -0,047
-0,48 -0,048
-0,49 -0,049
-0,50 -0,050
-0,51 -0,051
-0,52 -0,052
-0,53 -0,053
-0,54 -0,054
-0,55 -0,055
-0,56 -0,056
-0,57 -0,057
-0,58 -0,058
-0,59 -0,059
-0,60 -0,060
-0,61 -0,061
-0,62 -0,062
-0,63 -0,063
-0,64 -0,064
-0,65 -0,065
-0,66 -0,066
-0,67 -0,067
-0,68 -0,068
-0,69 -0,069
-0,70 -0,070
-0,71 -0,071
-0,72 -0,072
-0,73 -0,073
-0,74 -0,074
-0,75 -0,075
-0,76 -0,076
-0,77 -0,077
-0,78 -0,078
-0,79 -0,079
-0,80 -0,080
-0,81 -0,081
-0,82 -0,082
-0,83 -0,083
-0,84 -0,084
-0,85 -0,085
-0,86 -0,086
-0,87 -0,087
-0,88 -0,088
-0,89 -0,089
-0,90 -0,090
-0,91 -0,091
-0,92 -0,092
-0,93 -0,093
-0,94 -0,094
-0,95 -0,095
-0,96 -0,096
-0,97 -0,097
-0,98 -0,098
-0,99 -0,099
-0,100 -0,0100
-0,101 -0,0101
-0,102 -0,0102
-0,103 -0,0103
-0,104 -0,0104
-0,105 -0,0105
-0,106 -0,0106
-0,107 -0,0107
-0,108 -0,0108
-0,109 -0,0109
-0,110 -0,0110
-0,111 -0,0111
-0,112 -0,0112
-0,113 -0,0113
-0,114 -0,0114
-0,115 -0,0115
-0,116 -0,0116
-0,117 -0,0117
-0,118 -0,0118
-0,119 -0,0119
-0,120 -0,0120
-0,121 -0,0121
-0,122 -0,0122
-0,123 -0,0123
-0,124 -0,0124
-0,125 -0,0125
-0,126 -0,0126
-0,127 -0,0127
-0,128 -0,0128
-0,129 -0,0129
-0,130 -0,0130
-0,131 -0,0131
-0,132 -0,0132
-0,133 -0,0133
-0,134 -0,0134
-0,135 -0,0135
-0,136 -0,0136
-0,137 -0,0137
-0,138 -0,0138
-0,139 -0,0139
-0,140 -0,0140
-0,141 -0,0141
-0,142 -0,0142
-0,143 -0,0143
-0,144 -0,0144
-0,145 -0,0145
-0,146 -0,0146
-0,147 -0,0147
-0,148 -0,0148
-0,149 -0,0149
-0,150 -0,0150
-0,151 -0,0151
-0,152 -0,0152
-0,153 -0,0153
-0,154 -0,0154
-0,155 -0,0155
-0,156 -0,0156
-0,157 -0,0157
-0,158 -0,0158
-0,159 -0,0159
-0,160 -0,0160
-0,161 -0,0161
-0,162 -0,0162
-0,163 -0,0163
-0,164 -0,0164
-0,165 -0,0165
-0,166 -0,0166
-0,167 -0,0167
-0,168 -0,0168
-0,169 -0,0169
-0,170 -0,0170
-0,171 -0,0171
-0,172 -0,0172
-0,173 -0,0173
-0,174 -0,0174
-0,175 -0,0175
-0,176 -0,0176
-0,177 -0,0177
-0,178 -0,0178
-0,179 -0,0179
-0,180 -0,0180
-0,181 -0,0181
-0,182 -0,0182
-0,183 -0,0183
-0,184 -0,0184
-0,185 -0,0185
-0,186 -0,0186
-0,187 -0,0187
-0,188 -0,0188
-0,189 -0,0189
-0,190 -0,0190
-0,191 -0,0191
-0,192 -0,0192
-0,193 -0,0193
-0,194 -0,0194
-0,195 -0,0195
-0,196 -0,0196
-0,197 -0,0197
-0,198 -0,0198
-0,199 -0,0199
-0,200 -0,0200
-0,201 -0,0201
-0,202 -0,0202
-0,203 -0,0203
-0,204 -0,0204
-0,205 -0,0205
-0,206 -0,0206
-0,207 -0,0207
-0,208 -0,0208
-0,209 -0,0209
-0,210 -0,0210
-0,211 -0,0211
-0,212 -0,0212
-0,213 -0,0213
-0,214 -0,0214
-0,215 -0,0215
-0,216 -0,0216
-0,217 -0,0217
-0,218 -0,0218
-0,219 -0,0219
-0,220 -0,0220
-0,221 -0,0221
-0,222 -0,0222
-0,223 -0,0223
-0,224 -0,0224
-0,225 -0,0225
-0,226 -0,0226
-0,227 -0,0227
-0,228 -0,0228
-0,229 -0,0229
-0,230 -0,0230
-0,231 -0,0231
-0,232 -0,0232
-0,233 -0,0233
-0,234 -0,0234
-0,235 -0,0235
-0,236 -0,0236
-0,237 -0,0237
-0,238 -0,0238
-0,239 -0,0239
-0,240 -0,0240
-0,241 -0,0241
-0,242 -0,0242
-0,243 -0,0243
-0,244 -0,0244
-0,245 -0,0245
-0,246 -0,0246
-0,247 -0,0247
-0,248 -0,0248
-0,249 -0,0249
-0,250 -0,0250
-0,251 -0,0251
-0,252 -0,0252
-0,253 -0,0253
-0,254 -0,0254
-0,255 -0,0255
-0,256 -0,0256
-0,257 -0,0257
-0,258 -0,0258
-0,259 -0,0259
-0,260 -0,0260
-0,261 -0,0261
-0,262 -0,0262
-0,263 -0,0263
-0,264 -0,0264
-0,265 -0,0265
-0,266 -0,0266
-0,267 -0,0267
-0,268 -0,0268
-0,269 -0,0269
-0,270 -0,0270
-0,271 -0,0271
-0,272 -0,0272
-0,273 -0,0273
-0,274 -0,0274
-0,275 -0,0275
-0,276 -0,0276
-0,277 -0,0277
-0,278 -0,0278
-0,279 -0,0279
-0,280 -0,0280
-0,281 -0,0281
-0,282 -0,0282
-0,283 -0,0283
-0,284 -0,0284
-0,285 -0,0285
-0,286 -0,0286
-0,287 -0,0287
-0,288 -0,0288
-0,289 -0,0289
-0,290 -0,0290
-0,291 -0,0291
-0,292 -0,0292
-0,293 -0,0293
-0,294 -0,0294
-0,295 -0,0295
-0,296 -0,0296
-0,297 -0,0297
-0,298 -0,0298
-0,299 -0,0299
0,0 0,00
0,1 0,01
0,2 0,02
0,3 0,03
0,4 0,04
0,5 0,05
0,6 0,06
0,7 0,07
0,8 0,08
0,9 0,09
0,10 0,010
0,11 0,011
0,12 0,012
0,13 0,013
0,14 0,014
0,15 0,015
0,16 0,016
0,17 0,017
0,18 0,018
0,19 0,019
0,20 0,020
0,21 0,021
0,22 0,022
0,23 0,023
0,24 0,024
0,25 0,025
0,26 0,026
0,27 0,027
0,28 0,028
0,29 0,029
0,30 0,030
0,31 0,031
0,32 0,032
0,33 0,033
0,34 0,034
0,35 0,035
0,36 0,036
0,37 0,037
0,38 0,038
0,39 0,039
0,40 0,040
0,41 0,041
0,42 0,042
0,43 0,043
0,44 0,044
0,45 0,045
0,46 0,046
0,47 0,047
0,48 0,048
0,49 0,049
0,50 0,050
0,51 0,051
0,52 0,052
0,53 0,053
0,54 0,054
0,55 0,055
0,56 0,056
0,57 0,057
0,58 0,058
0,59 0,059
0,60 0,060
0,61 0,061
0,62 0,062
0,63 0,063
0,64 0,064
0,65 0,065
0,66 0,066
0,67 0,067
0,68 0,068
0,69 0,069
0,70 0,070
0,71 0,071
0,72 0,072
0,73 0,073
0,74 0,074
0,75 0,075
0,76 0,076
0,77 0,077
0,78 0,078
0,79 0,079
0,80 0,080
0,81 0,081
0,82 0,082
0,83 0,083
0,84 0,084
0,85 0,085
0,86 0,086
0,87 0,087
0,88 0,088
0,89 0,089
0,90 0,090
0,91 0,091
0,92 0,092
0,93 0,093
0,94 0,094
0,95 0,095
0,96 0,096
0,97 0,097
0,98 0,098
0,99 0,099
0,100 0,0100
0,101 0,0101
0,102 0,0102
0,103 0,0103
0,104 0,0104
0,105 0,0105
0,106 0,0106
0,107 0,0107
0,108 0,0108
0,109 0,0109
0,110 0,0110
0,111 0,0111
0,112 0,0112
0,113 0,0113
0,114 0,0114
0,115 0,0115
0,116 0,0116
0,117 0,0117
0,118 0,0118
0,119 0,0119
0,120 0,0120
0,121 0,0121
0,122 0,0122
0,123 0,0123
0,124 0,0124
0,125 0,0125
0,126 0,0126
0,127 0,0127
0,128 0,0128
0,129 0,0129
0,130 0,0130
0,131 0,0131
0,132 0,0132
0,133 0,0133
0,134 0,0134
0,135 0,0135
0,136 0,0136
0,137 0,0137
0,138 0,0138
0,139 0,0139
0,140 0,0140
0,141 0,0141
0,142 0,0142
0,143 0,0143
0,144 0,0144
0,145 0,0145
0,146 0,0146
0,147 0,0147
0,148 0,0148
0,149 0,0149
0,150 0,0150
0,151 0,0151
0,152 0,0152
0,153 0,0153
0,154 0,0154
0,155 0,0155
0,156 0,0156
0,157 0,0157
0,158 0,0158
0,159 0,0159
0,160 0,0160
0,161 0,0161
0,162 0,0162
0,163 0,0163
0,164 0,0164
0,165 0,0165
0,166 0,0166
0,167 0,0167
0,168 0,0168
0,169 0,0169
0,170 0,0170
0,171 0,0171
0,172 0,0172
0,173 0,0173
0,174 0,0174
0,175 0,0175
0,176 0,0176
0,177 0,0177
0,178 0,0178
0,179 0,0179
0,180 0,0180
0,181 0,0181
0,182 0,0182
0,183 0,0183
0,184 0,0184
0,185 0,0185
0,186 0,0186
0,187 0,0187
0,188 0,0188
0,189 0,0189
0,190 0,0190
0,191 0,0191
0,192 0,0192
0,193 0,0193
0,194 0,0194
0,195 0,0195
0,196 0,0196
0,197 0,0197
0,198 0,0198
0,199 0,0199
0,200 0,0200
0,201 0,0201
0,202 0,0202
0,203 0,0203
0,204 0,0204
0,205 0,0205
0,206 0,0206
0,207 0,0207
0,208 0,0208
0,209 0,0209
0,210 0,0210
0,211 0,0211
0,212 0,0212
0,213 0,0213
0,214 0,0214
0,215 0,0215
0,216 0,0216
0,217 0,0217
0,218 0,0218
0,219 0,0219
0,220 0,0220
0,221 0,0221
0,222 0,0222
0,223 0,0223
0,224 0,0224
0,225 0,0225
0,226 0,0226
0,227 0,0227
0,228 0,0228
0,229 0,0229
0,230 0,0230
0,231 0,0231
0,232 0,0232
0,233 0,0233
0,234 0,0234
0,235 0,0235
0,236 0,0236
0,237 0,0237
0,238 0,0238
0,239 0,0239
0,240 0,0240
0,241 0,0241
0,242 0,0242
0,243 0,0243
0,244 0,0244
0,245 0,0245
0,246 0,0246
0,247 0,0247
0,248 0,0248
0,249 0,0249
0,250 0,0250
0,251 0,0251
0,252 0,0252
0,253 0,0253
0,254 0,0254
0,255 0,0255
0,256 0,0256
0,257 0,0257
0,258 0,0258
0,259 0,0259
0,260 0,0260
0,261 0,0261
0,262 0,0262
0,263 0,0263
0,264 0,0264
0,265 0,0265
0,266 0,0266
0,267 0,0267
0,268 0,0268
0,269 0,0269
0,270 0,0270
0,271 0,0271
0,272 0,0272
0,273 0,0273
0,274 0,0274
0,275 0,0275
0,276 0,0276
0,277 0,0277
0,278 0,0278
0,279 0,0279
0,280 0,0280
0,281 0,0281
0,282 0,0282
0,283 0,0283
0,284 0,0284
0,285 0,0285
0,286 0,0286
0,287 0,0287
0,288 0,0288
0,289 0,0289
0,290 0,0290
0,291 0,0291
0,292 0,0292
0,293 0,0293
0,294 0,0294
0,295 0,0295
0,296 0,0296
0,297 0,0297
0,298 0,0298
0,299 0,0299
